20 400 8067 153299 2732672 46264162 
8 62 487 3872 28322 225029 
14 70 1156 7628 128383 832129 
15 75 1249 8261 140024 921138 
5 70 476 7887 51355 844012 
5 75 510 8522 56646 957483 
24 120 2972 19756 492257 3195642 
5 120 816 20314 133539 3193471 
14 51 375 1929 20760 128216 
15 57 617 3474 45221 282595 
1 5 15 80 398 2388 
1 5 15 102 561 3571 
2 2 2 2 2 2 
1 15 17 125 2389 24599 
1 15 17 125 2331 24018 
1 14 16 124 2241 23075 
1 15 17 126 2394 24534 
1 15 17 119 2261 23467 
1 14 16 118 2170 22525 
5 70 476 7887 51355 844012 
5 75 510 8522 56646 957483 
14 70 1156 7628 128383 832129 
15 75 1249 8261 140024 921138 
5 120 816 20314 133539 3193471 
24 120 2972 19756 492257 3195642 
1 5 15 80 398 2388 
1 5 15 102 561 3571 
14 51 375 1929 20760 128216 
15 57 617 3474 45221 282595 
2 2 2 2 2 2 
1 15 17 126 2394 24534 
1 15 17 119 2261 23467 
1 14 16 118 2170 22525 
1 15 17 125 2389 24599 
1 15 17 125 2331 24018 
1 14 16 124 2241 23075 
1 11 176 1922 25177 263909 
1 8 104 604 7022 45480 
1 1 2 10 101 537 
5 54 337 3740 24516 286399 
17 73 755 4987 62214 437757 
15 45 384 4620 53241 634151 
1 5 80 537 7119 43721 
1 1 2 10 101 537 
17 73 755 4987 62214 437757 
5 54 337 3740 24516 286399 
20 270 3434 49458 708502 10854594 
21 309 4769 66468 998291 14699314 
21 22 110 943 14944 160208 
1 1 7 115 1049 16964 
20 152 2119 30127 430460 6565829 
17 297 4095 61995 908554 13596748 
1 1 7 115 1049 16964 
21 22 110 943 14944 160208 
2 4 68 900 11294 147744 
4 4 4 32 704 5338 
2 4 68 900 11294 147744 
4 4 4 32 704 5338 
3 37 206 3500 19702 368613 
3 37 206 3500 19702 368613 
1 3 59 275 4963 26269 
22 62 1034 5626 105723 564595 
3 37 206 3500 19702 368613 
1 3 59 275 4963 26269 
4 5 17 60 287 1328 
4 5 17 60 287 1328 
1 1 1 1 1 1 
1 1 1 1 1 1 
8 50 245 1309 7787 39743 
1 1 1 1 1 1 
1 1 1 1 1 1 
4 5 17 60 287 1328 
4 5 17 60 287 1328 
7 42 218 1240 6279 37079 
4 6 8 22 22 116 
4 6 8 22 22 116 
4 13 64 387 2180 11904 
4 13 64 387 2180 11904 
7 37 202 1390 9202 59006 
8 63 495 3221 23495 156779 
8 63 423 3203 21677 156023 
4 15 90 540 3462 21504 
4 13 64 387 2180 11904 
4 13 64 387 2180 11904 
7 37 202 1390 9202 59006 
8 63 423 3203 21677 156023 
8 63 495 3221 23495 156779 
4 15 90 538 3382 21145 
4 19 117 720 4682 32523 
5 19 117 717 4867 30998 
1 3 12 72 450 2625 
4 16 97 585 3783 24552 
1 3 12 72 450 2625 
4 16 97 585 3783 24552 
3 15 90 579 3165 22564 
4 16 97 585 3711 23550 
5 19 117 720 5055 32397 
4 19 117 720 4673 31391 
1 3 12 72 450 2625 
4 16 97 585 3783 24552 
1 3 12 72 450 2625 
4 16 97 585 3783 24552 
5 15 102 612 4404 23815 
4 16 97 585 3711 23550 
1 3 12 72 450 2625 
4 16 97 585 3783 24552 
1 3 12 72 450 2625 
4 16 97 585 3783 24552 
5 25 157 996 7066 50403 
5 25 157 996 7066 50403 
7 49 364 2704 21224 166733 
1 3 12 72 450 2625 
4 16 97 585 3783 24552 
1 3 12 72 450 2625 
4 16 97 585 3783 24552 
5 25 157 996 7066 50403 
5 25 157 996 7066 50403 
7 49 364 2704 21224 166733 
1 1 5 25 145 841 
11 106 392 1577 15213 149177 
1 1 1 1 1 1 
13 154 721 3031 6840 19847 
1 1 5 25 145 841 
11 106 392 1577 15213 149177 
1 1 1 1 1 1 
13 154 721 3031 6840 19847 
