0.000017 0.000171 0.003557 0.065166 1.277310 20.470122 
0.000008 0.000047 0.000335 0.002600 0.018885 0.140665 
0.000002 0.000012 0.000113 0.001243 0.012323 0.139700 
0.000002 0.000013 0.000126 0.001353 0.013758 0.155046 
0.000001 0.000007 0.000080 0.000768 0.008700 0.085601 
0.000001 0.000007 0.000085 0.000819 0.009519 0.096458 
0.000003 0.000027 0.000304 0.004382 0.049809 0.722335 
0.000002 0.000012 0.000182 0.002028 0.030329 0.331467 
0.000002 0.000010 0.000043 0.000317 0.002137 0.021386 
0.000002 0.000010 0.000065 0.000580 0.004540 0.048231 
0.000000 0.000001 0.000003 0.000010 0.000047 0.000284 
0.000001 0.000001 0.000003 0.000013 0.000065 0.000424 
0.000001 0.000002 0.000001 0.000002 0.000002 0.000002 
0.000001 0.000003 0.000006 0.000032 0.000309 0.005500 
0.000001 0.000003 0.000006 0.000031 0.000303 0.007158 
0.000001 0.000003 0.000005 0.000030 0.000293 0.005015 
0.000001 0.000003 0.000006 0.000031 0.000314 0.005352 
0.000001 0.000003 0.000006 0.000030 0.000302 0.005135 
0.000001 0.000004 0.000006 0.000029 0.000295 0.004830 
0.000002 0.000008 0.000075 0.000802 0.008277 0.088165 
0.000001 0.000008 0.000082 0.000850 0.009134 0.099461 
0.000002 0.000013 0.000112 0.001321 0.012155 0.148245 
0.000001 0.000013 0.000121 0.001415 0.013199 0.161472 
0.000001 0.000012 0.000166 0.002078 0.028557 0.342289 
0.000003 0.000029 0.000294 0.004550 0.047566 0.748042 
0.000001 0.000001 0.000002 0.000010 0.000045 0.000270 
0.000001 0.000001 0.000002 0.000013 0.000062 0.000411 
0.000002 0.000011 0.000045 0.000347 0.002175 0.022719 
0.000002 0.000011 0.000068 0.000613 0.004697 0.050771 
0.000002 0.000001 0.000001 0.000002 0.000002 0.000002 
0.000001 0.000003 0.000006 0.000032 0.000312 0.005594 
0.000001 0.000003 0.000006 0.000030 0.000299 0.005328 
0.000000 0.000003 0.000006 0.000031 0.000292 0.005238 
0.000001 0.000004 0.000007 0.000032 0.000308 0.005723 
0.000001 0.000003 0.000006 0.000032 0.000303 0.005496 
0.000001 0.000004 0.000006 0.000032 0.000292 0.005401 
0.000001 0.000003 0.000031 0.000389 0.004194 0.053161 
0.000000 0.000002 0.000011 0.000096 0.000727 0.007248 
0.000001 0.000001 0.000001 0.000003 0.000013 0.000091 
0.000001 0.000009 0.000075 0.000584 0.005147 0.046568 
0.000003 0.000018 0.000124 0.001066 0.009732 0.093590 
0.000004 0.000013 0.000084 0.000893 0.010484 0.122185 
0.000001 0.000001 0.000008 0.000084 0.000692 0.007203 
0.000001 0.000001 0.000001 0.000003 0.000013 0.000091 
0.000003 0.000017 0.000123 0.001066 0.009453 0.093418 
0.000002 0.000009 0.000074 0.000601 0.005182 0.047332 
0.000004 0.000052 0.000639 0.009015 0.129967 2.051055 
0.000005 0.000068 0.000918 0.013947 0.195136 3.082586 
0.000003 0.000009 0.000023 0.000202 0.002277 0.032644 
0.000001 0.000001 0.000003 0.000016 0.000202 0.002177 
0.000004 0.000029 0.000394 0.005324 0.078477 1.205477 
0.000005 0.000058 0.000866 0.012189 0.185692 2.764415 
0.000001 0.000001 0.000002 0.000016 0.000203 0.002218 
0.000003 0.000009 0.000023 0.000202 0.002229 0.032811 
0.000002 0.000002 0.000013 0.000145 0.001784 0.024010 
0.000002 0.000002 0.000002 0.000007 0.000069 0.000905 
0.000001 0.000002 0.000012 0.000145 0.001793 0.024180 
0.000001 0.000002 0.000003 0.000007 0.000075 0.000909 
0.000002 0.000005 0.000049 0.000348 0.004660 0.038087 
0.000001 0.000004 0.000049 0.000347 0.004661 0.038237 
0.000001 0.000001 0.000006 0.000070 0.000481 0.006414 
0.000003 0.000017 0.000105 0.001342 0.010044 0.137416 
0.000001 0.000004 0.000049 0.000347 0.004661 0.038252 
0.000001 0.000001 0.000007 0.000070 0.000508 0.006432 
0.000001 0.000002 0.000003 0.000009 0.000035 0.000166 
0.000001 0.000002 0.000003 0.000008 0.000034 0.000161 
0.000000 0.000001 0.000001 0.000000 0.000000 0.000000 
0.000001 0.000000 0.000000 0.000000 0.000001 0.000001 
0.000002 0.000007 0.000034 0.000168 0.000997 0.005429 
0.000001 0.000000 0.000001 0.000001 0.000000 0.000000 
0.000001 0.000001 0.000000 0.000000 0.000001 0.000001 
0.000001 0.000002 0.000003 0.000008 0.000036 0.000167 
0.000001 0.000001 0.000003 0.000008 0.000035 0.000162 
0.000002 0.000006 0.000029 0.000163 0.000804 0.005030 
0.000001 0.000001 0.000003 0.000004 0.000005 0.000013 
0.000001 0.000001 0.000002 0.000004 0.000005 0.000012 
0.000001 0.000003 0.000009 0.000045 0.000255 0.001479 
0.000002 0.000003 0.000009 0.000046 0.000263 0.001522 
0.000002 0.000005 0.000025 0.000156 0.001045 0.007049 
0.000001 0.000008 0.000058 0.000377 0.002705 0.019166 
0.000001 0.000008 0.000051 0.000360 0.002506 0.018705 
0.000001 0.000003 0.000012 0.000065 0.000420 0.002645 
0.000001 0.000002 0.000009 0.000046 0.000248 0.001491 
0.000001 0.000002 0.000008 0.000047 0.000258 0.001513 
0.000001 0.000005 0.000025 0.000159 0.001018 0.007180 
0.000002 0.000008 0.000050 0.000370 0.002473 0.020354 
0.000002 0.000008 0.000056 0.000381 0.002614 0.019312 
0.000001 0.000003 0.000011 0.000068 0.000388 0.002712 
0.000001 0.000003 0.000015 0.000092 0.000564 0.004081 
0.000001 0.000003 0.000015 0.000092 0.000575 0.003969 
0.000001 0.000001 0.000002 0.000009 0.000053 0.000341 
0.000001 0.000002 0.000013 0.000073 0.000457 0.003068 
0.000000 0.000001 0.000002 0.000009 0.000053 0.000345 
0.000001 0.000003 0.000013 0.000073 0.000459 0.003055 
0.000000 0.000002 0.000012 0.000068 0.000415 0.002669 
0.000001 0.000002 0.000013 0.000070 0.000455 0.002927 
0.000001 0.000003 0.000016 0.000090 0.000606 0.004058 
0.000001 0.000003 0.000015 0.000090 0.000575 0.003945 
0.000001 0.000001 0.000003 0.000010 0.000052 0.000340 
0.000001 0.000002 0.000013 0.000074 0.000450 0.003102 
0.000001 0.000001 0.000003 0.000010 0.000053 0.000338 
0.000001 0.000003 0.000013 0.000074 0.000448 0.003126 
0.000001 0.000003 0.000013 0.000081 0.000488 0.003307 
0.000001 0.000003 0.000012 0.000074 0.000430 0.003035 
0.000001 0.000001 0.000002 0.000009 0.000051 0.000324 
0.000001 0.000003 0.000013 0.000070 0.000439 0.002971 
0.000000 0.000001 0.000002 0.000009 0.000051 0.000318 
0.000001 0.000003 0.000013 0.000069 0.000441 0.002935 
0.000001 0.000005 0.000021 0.000130 0.000882 0.006448 
0.000001 0.000004 0.000021 0.000129 0.000889 0.006416 
0.000002 0.000008 0.000058 0.000382 0.003031 0.023572 
0.000000 0.000001 0.000002 0.000009 0.000049 0.000326 
0.000001 0.000003 0.000013 0.000072 0.000429 0.003025 
0.000001 0.000001 0.000002 0.000009 0.000049 0.000325 
0.000001 0.000003 0.000012 0.000072 0.000427 0.003035 
0.000001 0.000004 0.000021 0.000132 0.000866 0.006518 
0.000001 0.000004 0.000021 0.000132 0.000861 0.006565 
0.000002 0.000008 0.000052 0.000404 0.002841 0.024589 
0.000000 0.000001 0.000001 0.000003 0.000018 0.000097 
0.000005 0.000027 0.000099 0.000397 0.002984 0.030878 
0.000001 0.000001 0.000001 0.000001 0.000001 0.000002 
0.000005 0.000041 0.000204 0.000888 0.002295 0.006754 
0.000001 0.000001 0.000001 0.000004 0.000017 0.000102 
0.000003 0.000027 0.000098 0.000404 0.002918 0.031381 
0.000001 0.000001 0.000001 0.000001 0.000001 0.000001 
0.000005 0.000040 0.000199 0.000881 0.002296 0.006742 
